ax_mean,ax_std,ax_rms,ax_max,ax_mean_dup,ax_min,ax_kurtosis,ax_skew,ax_energy,ay_mean,ay_std,ay_rms,ay_max,ay_mean_dup,ay_min,ay_kurtosis,ay_skew,ay_energy,az_mean,az_std,az_rms,az_max,az_mean_dup,az_min,az_kurtosis,az_skew,az_energy,gx_mean,gx_std,gx_rms,gx_max,gx_mean_dup,gx_min,gx_kurtosis,gx_skew,gx_energy,gy_mean,gy_std,gy_rms,gy_max,gy_mean_dup,gy_min,gy_kurtosis,gy_skew,gy_energy,gz_mean,gz_std,gz_rms,gz_max,gz_mean_dup,gz_min,gz_kurtosis,gz_skew,gz_energy,acc_max,acc_mean,acc_min,gyro_max,gyro_mean,gyro_min,a_top1,a_top2,a_top3,a_top4,a_top5,a_max_freq,a_energy,a_entropy,g_top1,g_top2,g_top3,g_top4,g_top5,g_max_freq,g_energy,g_entropy
3953.625,2291.9707697470753,4569.932236915554,8911.0,3953.625,1251.0,-1.0093697899210505,0.6448463047155031,1670742452.0,-2043.0375,2290.5026546794807,3069.267768947506,2522.0,-2043.0375,-7571.0,-0.1311462475905003,-0.4850553722635887,753632371.0,-977.2,779.5907484058542,1250.0726278900759,272.0,-977.2,-3050.0,-0.8119764721584257,-0.3750512741291384,125014526.0,-864.6125,3612.87099649901,3714.88783309806,8229.0,-864.6125,-4200.0,0.18942312150344875,1.1451908615867805,1104031329.0,1254.1875,3095.7995780321035,3340.203783079709,11148.0,1254.1875,-1877.0,1.677153154293289,1.4424882665979635,892556905.0,-647.8375,4629.221558328544,4674.332643543889,6935.0,-647.8375,-8193.0,-1.4037321753948533,0.13247143893302382,1747950853.0,11484.232407958314,5022.676591209356,1522.2568771399917,14352.595897606816,6308.7658568088045,1687.1994547177876,77812.86774691357,77790.61661671776,77723.88566090216,77612.74215733031,77457.29814763794,0.0,209989091911.07193,3.9585590731751745,88866.58163580246,88841.78379965041,88767.41505165707,88643.54964370544,88470.31123062105,0.0,277448796554.25256,3.971152926370348
3338.8024691358023,3119.6671689352015,4569.455675771405,11229.0,3338.8024691358023,-306.0,0.33987999042443606,1.1000561976771892,1691273939.0,-1528.9876543209878,2628.5232933248444,3040.8778256643727,3509.0,-1528.9876543209878,-6482.0,-0.9257961263542107,-0.06902236604351358,749001974.0,-886.0987654320987,1806.6572611818744,2012.2578069127926,3021.0,-886.0987654320987,-4476.0,-0.4977434904267537,0.2221227075899078,327983700.0,-1223.7407407407406,4255.106183926359,4427.5806076272665,10956.0,-1223.7407407407406,-8507.0,0.6459603124976065,0.9573207944548614,1587881073.0,1718.1358024691358,3795.588279695928,4166.351044342202,13561.0,1718.1358024691358,-4293.0,1.9693548884923668,1.5659163138178411,1406036963.0,-66.79012345679013,4908.187409554556,4908.641825179469,5641.0,-66.79012345679013,-10687.0,-0.7791352903695192,-0.6970520670896981,1951675930.0,11739.207043067261,5035.058414090869,901.6745532618739,19672.784170015184,6661.999652329458,878.1252758006684,19246.25617620775,19240.278302423787,19222.751137679523,19205.320258526273,19169.293132562805,34.0,14978610804.997786,4.0885025999518945,20106.3988122445,20100.10451212991,20080.362053551482,20062.07269480302,20021.433010091427,35.0,15864283312.819937,4.052201403004724
4027.1604938271603,2604.8456529084983,4796.169567323336,9857.0,4027.1604938271603,1189.0,-0.5931018353583069,0.8777193549592002,1863262644.0,-2355.5185185185187,2675.1038383497116,3564.358011905796,1023.0,-2355.5185185185187,-8979.0,0.43176640404164734,-1.1275547055256148,1029076491.0,-1233.8641975308642,893.3473983564747,1523.3156048891396,934.0,-1233.8641975308642,-3535.0,-0.06881554787891142,-0.540557543587276,187959725.0,-616.358024691358,3587.090197039219,3639.6584037923526,8043.0,-616.358024691358,-4917.0,-0.17962315332305812,0.8803970859818608,1073016177.0,1311.888888888889,2920.273317159471,3201.413547747886,8730.0,1311.888888888889,-1961.0,0.3303684337949684,1.0975914009236496,830172945.0,-374.9753086419753,4749.504272963286,4764.283505521859,6723.0,-374.9753086419753,-7708.0,-1.4805748127518439,0.051541428898987246,1838570183.0,12287.494008136891,5342.896874513444,1801.3847451335876,14085.108235295886,6216.94504540557,364.0686748403383,9871.000284243846,9870.502229699994,9854.27606421586,9852.592655009768,9820.544171400123,40.0,3680060491.7181945,4.032340243174074,10975.53653049457,10975.431333111717,10957.56310056512,10957.019277168749,10921.765055536016,41.0,4655410922.834203,4.039089016149607
3077.0375,2742.0538490506983,4121.531158137713,9976.0,3077.0375,-422.0,0.3632339346080742,1.2477014445064705,1358961527.0,-891.8625,2233.951771769872,2405.402094765031,3492.0,-891.8625,-5893.0,-0.7577521639677745,-0.052358129394885454,462876739.0,-563.5375,1917.675298008959,1998.7628830103886,4856.0,-563.5375,-5326.0,0.9517949376498023,0.012665116611694564,319604245.0,-1247.775,4436.674545690162,4608.798484963299,9607.0,-1247.775,-6592.0,0.398825224649793,1.1382700661139327,1699281878.0,1358.6375,3948.6200951843603,4175.822854540168,13810.0,1358.6375,-3217.0,2.8880789456817704,1.8790324148736048,1394999721.0,657.7875,4652.239680234,4698.512364302131,7048.0,657.7875,-7225.0,-1.1415181677877808,-0.42036401359975273,1766081475.0,11098.997612397256,4454.631474659247,1371.2527119389774,17374.339152900175,7007.914838412371,2420.81721738755,7665.922556135405,7663.806267159059,7655.685994823714,7649.255429400007,7633.198244801576,42.0,2300485053.9744473,4.050703570027585,6435.555424731877,6434.947103509086,6423.84960034067,6421.907122498303,6399.969368412733,42.0,1519897057.2230287,4.017477768656961
3171.4444444444443,2681.432825934672,4153.088232171035,8811.0,3171.4444444444443,557.0,-0.46519710903281464,1.1238807112825766,1397099491.0,-1543.5925925925926,2404.1915495356666,2857.0640697690756,1861.0,-1543.5925925925926,-8055.0,0.7223659930655155,-1.1569169702511932,661188023.0,-1358.8641975308642,930.7828876955276,1647.0788358053858,293.0,-1358.8641975308642,-3114.0,-1.1217436099192035,-0.15858262648768645,219742364.0,-692.5679012345679,2987.8309690660903,3067.048124423688,8826.0,-692.5679012345679,-3811.0,2.300869257991013,1.629773203143858,761949520.0,1249.679012345679,3004.637924519484,3254.1583691268047,10649.0,1249.679012345679,-2433.0,1.5344656852102476,1.312189970109404,857753282.0,412.60493827160496,4341.160076165033,4360.723981402091,5940.0,412.60493827160496,-8655.0,-1.2105387346577847,-0.33024321532146295,1540289005.0,11329.053049571266,4382.111665919388,1253.2142673940477,15166.884024083523,5513.568930080973,1172.092146548214,6418.266530841973,6415.47676830687,6411.647298784802,6403.218154981853,6395.694511497984,46.0,1678418994.5661838,4.080398907383173,7081.037352252222,7079.441842277412,7073.0608891352385,7068.230700437639,7055.573251850957,43.0,2155425793.286003,4.134336477829107
2683.8395061728397,2332.983410040818,3556.094217877214,8206.0,2683.8395061728397,-727.0,0.22345843299937496,1.0969146862622283,1024310293.0,-117.4074074074074,1846.3241076697273,1850.0532991988482,2863.0,-117.4074074074074,-4149.0,-0.7840623577734411,-0.3783011294411068,277238474.0,-678.8271604938271,1667.2400849879728,1800.1377210688117,3368.0,-678.8271604938271,-5062.0,0.776891401110817,0.008229112282753366,262480161.0,-644.8024691358024,4266.589514405897,4315.038390170123,9662.0,-644.8024691358024,-6428.0,-0.2735937168567011,0.8048426723699118,1508184061.0,1647.4074074074074,3706.267473767324,4055.905540454119,11796.0,1647.4074074074074,-3412.0,1.4770386348008344,1.551316751424291,1332479950.0,415.1111111111111,4005.5256124632087,4026.978106057527,6153.0,415.1111111111111,-5877.0,-1.34385842835731,-0.1937893751758746,1313540766.0,8892.271082237652,3822.269205125804,889.4616349230583,15283.171954800482,6275.240990984132,1063.0672603368048,3430.6437513688643,3427.2072069229216,3426.5991420251517,3416.255720696832,3415.119860705583,47.0,444661539.6451166,4.054111436517189,3044.2756216836883,3043.5611426219284,3037.136983997524,3035.04206836175,3022.111381128343,43.0,334103032.92124486,4.010883566530011
3465.5125,2910.3636069817376,4525.482649673955,9795.0,3465.5125,758.0,-0.8187924829990396,0.9054555034722885,1638399457.0,-1613.2625,2507.2707359983588,2981.4463666985525,1711.0,-1613.2625,-8888.0,1.301058207263969,-1.3732838129244545,711121795.0,-1283.475,1097.1905825220156,1688.5305001687118,945.0,-1283.475,-3298.0,-0.9873025422182642,-0.05441376605873804,228090820.0,-1226.5125,3398.6504747978647,3613.1922122272986,9777.0,-1226.5125,-5327.0,2.4404259512698863,1.6212295552829,1044412637.0,863.9375,3078.759861306781,3197.67889061738,11620.0,863.9375,-3143.0,2.5339675010549314,1.5053061477409404,818012023.0,769.275,4228.782602519902,4298.184072954531,7086.0,769.275,-9051.0,-1.1269285624901932,-0.4517051407655876,1477950906.0,12773.413521842938,4656.588019725032,1078.9351231654293,15351.031007720621,5837.793689187364,1353.1681344164147,4461.535461045759,4458.4297759294905,4458.155678973498,4448.828858207142,4448.31111862214,47.0,801450187.9245113,4.043103694092335,5023.836826026686,5020.810305263429,5019.630884117851,5010.551219620668,5008.205193432428,41.0,1050514305.0744323,4.107646554473129
3116.0,2886.6666281755192,4247.622890773406,11015.0,3116.0,-295.0,0.6904002461083354,1.2992523358392305,1461426318.0,-811.1728395061729,2342.1074966111314,2478.6022071390494,5193.0,-811.1728395061729,-6434.0,0.343884308718275,0.3023556351020237,497620981.0,-546.9382716049382,1630.3794403899958,1719.6739785763443,3448.0,-546.9382716049382,-3385.0,0.2874366298997102,0.5841540721919732,239539566.0,-1872.320987654321,3246.401174889658,3747.6267782605837,7654.0,-1872.320987654321,-6630.0,1.5053800486878233,1.2146286483511677,1137621224.0,1019.2716049382716,3460.3760553947423,3607.3698243155936,12956.0,1019.2716049382716,-2915.0,4.102214144547557,2.15117663542051,1054062481.0,1357.3950617283951,4319.299276385923,4527.567513863552,7415.0,1357.3950617283951,-8941.0,0.09000961989113021,-0.8614234962670719,1660408275.0,11596.070584469551,4363.641397381326,1219.5757459051079,17367.31749580228,6012.226952445517,1002.2285168563105,3072.5630184473475,3070.138927274596,3069.5487788217083,3062.3424738726817,3061.0436185038843,50.0,369552366.4250349,4.055374292148142,3883.688847424405,3881.3270162540284,3879.054037624601,3871.9902064840953,3867.4135070145503,44.0,564194386.2936713,4.0217966321094485
3758.1234567901233,2828.8549460419626,4703.818897685393,10498.0,3758.1234567901233,689.0,-0.964554305932174,0.6283790234001179,1792198890.0,-2158.925925925926,2656.7962223988006,3423.37951752178,1514.0,-2158.925925925926,-10180.0,0.3898381267122719,-0.9648157417202073,949281713.0,-1441.5185185185185,1140.5155008511529,1838.13798364366,234.0,-1441.5185185185185,-3289.0,-1.5041974140024692,0.04711951727990285,273678851.0,-573.4320987654321,3388.929864736872,3437.10197695675,8870.0,-573.4320987654321,-3884.0,1.0846099255358546,1.4084501029657863,956907270.0,1310.0740740740741,3284.8919097453663,3536.496704122825,12455.0,1310.0740740740741,-2417.0,2.2662093940657613,1.5731325708047614,1013051524.0,-534.716049382716,4656.757731908869,4687.3568060433045,6514.0,-534.716049382716,-9462.0,-1.3349467153220471,-0.021785683568349874,1779676420.0,13080.891521605094,5223.729999821785,1001.1683175170896,15390.073456614818,6025.0597506230215,646.4216889925647,4048.2359817356005,4045.8632085385275,4045.268375951077,4038.1758753702147,4036.9451944584957,49.0,722615523.6721703,4.167154123833925,4814.794462573094,4813.671658207137,4809.222333913694,4805.8471009916,4796.974562226439,47.0,967112490.3069986,4.093030171129659
2833.1625,1911.727513557764,3417.822674964282,9018.0,2833.1625,-291.0,0.6441937059175098,0.8329896673527274,934520947.0,-1042.275,2209.6036294718106,2443.0893096651216,3402.0,-1042.275,-5990.0,-0.46975121170369816,-0.044571823492736244,477494830.0,-956.1875,1849.3079928296827,2081.882462460357,3997.0,-956.1875,-6009.0,0.7791898559377479,-0.3781209335343685,346738767.0,-1880.0875,2927.52885209416,3479.24620966956,6094.0,-1880.0875,-5044.0,0.43078791966597807,1.0709721043025549,968412335.0,611.05,2220.96211640361,2303.4875352386866,10501.0,611.05,-3963.0,6.446002644265468,2.041071219975132,424484386.0,1320.5375,4065.644954812674,4274.726679859193,6565.0,1320.5375,-8336.0,-0.578829720485174,-0.550275359863988,1461863055.0,10036.26095714933,4269.003408818312,1588.5568922767607,14727.41433517778,5479.001865278548,592.2094224174418,2650.395922753727,2648.020772047995,2646.926521284257,2639.8239912038775,2637.5989534450146,51.0,266181814.68879926,4.049144297890091,4051.5662091700324,4050.9455061425647,4045.525740170119,4043.6454380395307,4032.855323519893,49.0,674169196.2068151,4.13832214191531
3557.6296296296296,2526.8400333586246,4363.673811801527,9816.0,3557.6296296296296,841.0,-0.6489386030535429,0.8141767427410727,1542373580.0,-1921.8148148148148,2529.8221530772225,3177.006815957746,1705.0,-1921.8148148148148,-7646.0,-0.4626723523831502,-0.666445173626685,817563157.0,-1567.1728395061727,1051.6494955471283,1887.325454279248,6.0,-1567.1728395061727,-3390.0,-1.3711523527656087,-0.11067254359901871,288521787.0,-528.9135802469136,3367.587124621179,3408.8696979033903,8762.0,-528.9135802469136,-4421.0,0.4131302425136383,1.1545842433564795,941251802.0,1423.469135802469,2999.801236569507,3320.402361086104,9904.0,1423.469135802469,-2236.0,0.5045151338162053,1.1149502059710552,893030819.0,-531.5185185185185,4328.585884076912,4361.09707428739,5227.0,-531.5185185185185,-9157.0,-1.2979499890000876,-0.2245191135686754,1540552583.0,12619.988272577752,4932.508930617596,880.5100794425922,13725.27365847399,5789.711539122579,1314.2461717653964,6167.681217199882,6167.183556752568,6161.677194127499,6160.164325523713,6149.199865801382,59.0,1484020921.7369387,3.9632557235487735,5612.313837862934,5609.066226121672,5608.4354169665685,5598.681902413853,5597.4518844278155,56.0,1240626837.4779902,4.0124723081766245
2586.4691358024693,1915.3341782779055,3218.435583468818,8381.0,2586.4691358024693,-932.0,0.5272351258416146,0.5973648315600639,839024536.0,-1526.888888888889,2061.879108189936,2565.684145759659,2531.0,-1526.888888888889,-6124.0,-0.6954126930371989,-0.24202874209008518,533201546.0,-1165.1234567901236,1581.4934915360122,1964.3406866766604,1504.0,-1165.1234567901236,-5139.0,-0.4349318336656949,-0.763532035879038,312549381.0,-811.1851851851852,3359.8212735795646,3456.359413466969,7717.0,-811.1851851851852,-4580.0,-0.09645094320369729,0.894791920043367,967660052.0,1566.2222222222222,3136.5185032114277,3505.8237791381316,9237.0,1566.2222222222222,-2721.0,0.46437631874431595,1.2674127538947144,995554830.0,486.85185185185185,4816.066967950147,4840.612127141783,7153.0,486.85185185185185,-9113.0,-0.7300172639690214,-0.6967619636932136,1897953587.0,8574.571534484974,4153.056935536413,1150.8140596986118,14685.61071253082,6164.100895388825,1480.812277096594,5875.608288704074,5833.03741505409,5784.360466287593,5729.612574949069,5668.83538771177,74.0,1045788652.1099161,3.963297174711598,6093.4579418280455,6093.186304969773,6087.092395649163,6086.256444199282,6074.118801629833,72.0,1169768764.5490339,3.93376648854934
4111.8375,2682.2913173430193,4909.368018136346,9877.0,4111.8375,1008.0,-0.9144853040480245,0.6540948995583395,1928151547.0,-2099.9625,2891.962289880999,3573.9737530513567,1687.0,-2099.9625,-9989.0,0.21668856916051782,-1.0978543807730785,1021863071.0,-1150.9625,1088.4527601571647,1584.122497630786,2342.0,-1150.9625,-3100.0,0.24283778400925504,0.14439811357098883,200755527.0,-707.075,3647.238965213961,3715.1456398101004,9515.0,-707.075,-4664.0,0.6455220432938384,1.3013122416542438,1104184570.0,1208.5875,2914.190834064192,3154.867978616538,9927.0,1208.5875,-2112.0,0.9784871555316652,1.3063833156768234,796255357.0,211.3375,4689.15161021626,4693.911627044123,7266.0,211.3375,-8721.0,-1.363998546230329,-0.2226173395154189,1762624509.0,13789.287653827518,5387.284690010404,1686.924716755315,14868.898748730518,6073.374437971581,320.72106260736916,6001.653125921118,6001.039235409724,5996.094941359468,5994.268979840764,5984.355138353844,5.0,1209521217.2041137,3.940688861145454,6345.531003520341,6181.965482005243,6054.57436016855,6028.504308183547,6016.02777667163,74.0,1321545480.1822858,4.072705402641401
2918.740740740741,2066.7970674378803,3576.408481931228,8207.0,2918.740740740741,-256.0,0.07092027992013783,0.9252979667000917,1036046508.0,-691.9382716049382,1801.585689382996,1929.8936675115638,3104.0,-691.9382716049382,-3881.0,-0.7226206801894484,0.2037541973845267,301683655.0,-640.7407407407408,1690.0483576818608,1807.4324740216848,3413.0,-640.7407407407408,-4494.0,0.029919597170656065,-0.06702273065631556,264611784.0,-1038.5802469135801,4017.833271077549,4149.895555728697,8186.0,-1038.5802469135801,-5424.0,-0.45343036297034134,0.8518696004436982,1394952283.0,1670.6666666666667,3679.0017835626,4040.566944695744,12924.0,1670.6666666666667,-2534.0,1.8972427784874633,1.6257554831658383,1322420680.0,292.87654320987656,4104.015264762108,4114.452328434851,7386.0,292.87654320987656,-5652.0,-1.139786154520995,0.1241698088013561,1371226155.0,8903.557996666277,4007.74534369294,1593.5764807501396,15585.529506564735,6356.893789769207,993.964285072658,8934.031018518515,8931.76829894666,8931.768298945604,8924.981105126579,8924.98110512553,49.0,4497512418.383613,4.257997300473283,10519.4825617284,10517.819623763882,10517.81962376263,10512.830504360432,10512.8305043592,49.0,6852460836.064989,4.291533515113209
4286.086419753086,2815.7648269045594,5128.261728697619,9817.0,4286.086419753086,561.0,-1.329393372298541,0.4587446958104584,2130224537.0,-2360.4691358024693,2602.653636723701,3513.633517290493,926.0,-2360.4691358024693,-8847.0,-0.11425778259154473,-0.970242925403181,999995260.0,-1166.037037037037,1092.486770769912,1597.8641106331236,1416.0,-1166.037037037037,-4380.0,0.11667858315884194,0.05016564646383621,206806747.0,-276.2098765432099,3784.3261014838017,3794.392696897832,10204.0,-276.2098765432099,-4984.0,0.3130051881483449,1.0122111220689196,1166190691.0,1750.9876543209878,2863.749340252775,3356.6379085898907,11150.0,1750.9876543209878,-2193.0,1.3646977714757549,1.1856835387446147,912628462.0,-774.3827160493827,4684.291634045396,4747.868648531013,6103.0,-774.3827160493827,-8798.0,-1.481177183023421,0.05696266953790729,1825922793.0,13001.055495612654,5557.822350171074,1349.9944444330133,15833.262582298064,6226.707622302972,1387.948486075762,7441.830957516719,7328.067924857642,7210.5182499876955,7089.2403329212575,6964.295065147022,0.0,1261131297.5140474,3.8886519938352095,9386.722665149236,9297.448856285377,9204.77774977299,9108.715503387557,9009.270105564652,0.0,2235454430.4514394,3.8925556807244748
2838.75,2548.524580517127,3814.9022399007813,11191.0,2838.75,-107.0,1.6134520080190455,1.39071077748999,1164278328.0,-221.8625,1497.9741798822001,1514.3148987248326,1958.0,-221.8625,-4637.0,0.058181143138787306,-0.6851754946303287,183451969.0,-1103.95,1668.1209630899075,2000.3332597344872,3786.0,-1103.95,-5506.0,1.5501961966604823,0.15113352842831068,320106652.0,-2791.875,2896.9525038175893,4023.2946480465484,5867.0,-2791.875,-8620.0,0.9701288029269834,0.741129018769001,1294951986.0,-174.875,2578.9859653311414,2584.908097979501,10354.0,-174.875,-3383.0,5.687051251857806,2.2702657193840796,534539990.0,2469.8875,2842.147374757993,3765.387890045327,6948.0,2469.8875,-3704.0,-1.1166701417022256,-0.3153603895807036,1134251677.0,11924.489003726743,3840.6424235261147,1244.6951433985753,11872.729804050963,5727.616832914795,1150.7436725874272,6001.653125920922,6001.039235409525,5996.09494135928,5994.268979840565,5984.355138353655,18.0,1466130610.6475787,3.995755368082011,6093.457941827884,6093.18630496958,6087.092395648993,6086.256444199064,6074.118801629655,26.0,1654933401.8424306,4.1039729257770885
3717.2345679012346,2955.0310406408153,4748.688375114819,10402.0,3717.2345679012346,875.0,-0.8800401055519762,0.8832209509130554,1826553344.0,-2211.962962962963,3059.9572273474932,3775.7275302537455,1663.0,-2211.962962962963,-10071.0,-0.33124070107479,-0.8163649587622527,1154745589.0,-979.4320987654321,1447.260596106915,1747.5269580569573,2021.0,-979.4320987654321,-3199.0,-1.3005392070886892,-0.17002143984346582,247361888.0,-499.320987654321,3393.826668013922,3430.361628346867,9848.0,-499.320987654321,-4168.0,0.901539849942079,1.1810945482409732,953157853.0,1411.20987654321,2566.412520924252,2928.819991602399,10832.0,1411.20987654321,-1528.0,2.883902201267121,1.734264178392544,694816910.0,-545.0246913580247,4878.380225958199,4908.7315615350035,5805.0,-545.0246913580247,-9313.0,-1.501168152772452,-0.037341449854457844,1951747289.0,13789.8129791524,5298.2246595570405,1127.0674336524855,15164.41017646252,6008.792822664033,491.6889260497942,6167.681217199832,6167.183556752515,6161.677194127456,6160.164325523659,6149.19986580134,39.0,1814077167.4520452,4.203758549606632,5612.313837862891,5609.066226121628,5608.435416966527,5598.681902413805,5597.451884427784,42.0,1372339173.3328013,4.127794755200314
2944.037037037037,2064.0882388811574,3595.526989654414,7490.0,2944.037037037037,-1119.0,-0.7055130706293915,0.49119654284183767,1047152961.0,-272.4567901234568,1908.4124036627657,1927.7631091340738,4094.0,-272.4567901234568,-4164.0,-0.24411656171375995,0.2434369012862249,301017919.0,-442.5061728395062,1517.917377047296,1581.1024244315136,3913.0,-442.5061728395062,-2914.0,1.050033104091705,0.930078943253812,202490675.0,-1383.1358024691358,4394.7725843298695,4607.286697835222,12669.0,-1383.1358024691358,-7633.0,1.636508621887618,1.2884725937827328,1719394348.0,513.716049382716,3549.798972693037,3586.7780703475264,12288.0,513.716049382716,-3688.0,2.4984947433966624,1.7485122362928571,1042063131.0,961.716049382716,3281.210515988915,3419.2455615057165,4768.0,961.716049382716,-7766.0,0.3705929397572705,-0.9664881935719666,946990457.0,8972.307005447372,3827.1664144432384,1326.2982319222174,18792.270379068093,5810.76378057862,976.1910673633517,2650.3959227537166,2648.020772047985,2646.926521284244,2639.823991203872,2637.5989534449996,47.0,271892786.1301791,4.070683363284179,4051.5662091700597,4050.945506142585,4045.5257401701488,4043.6454380395535,4032.855323519929,49.0,653943950.9213729,4.090845667687243
3790.7,2752.8006802164227,4684.796481705475,9930.0,3790.7,759.0,-0.7441705581503966,0.8068158641604629,1755785446.0,-2053.0125,2775.9568102446674,3452.650653845535,2085.0,-2053.0125,-9139.0,0.2618937109851518,-0.9892285581024619,953663723.0,-1257.4875,1174.8918034626636,1720.9432188483152,534.0,-1257.4875,-2855.0,-1.5722195506028163,0.18127795602560015,236931645.0,-963.525,3060.4280786149834,3208.5199781207534,8565.0,-963.525,-4405.0,1.2423254239825594,1.3661435365340826,823568036.0,1277.9125,3053.384528657298,3310.017739756088,11099.0,1277.9125,-1855.0,1.820299464885431,1.5023291742768203,876497395.0,-118.75,4987.180211552416,4988.593792342687,7624.0,-118.75,-9410.0,-1.3528090134812591,0.025010224478383733,1990885442.0,13074.799118915747,5234.799565513852,1587.4621255324487,15226.276005642352,6127.67408337624,800.3849074039315,4048.235981735663,4045.8632085385952,4045.2683759511383,4038.175875370283,4036.945194458553,49.0,676995212.364449,4.040720831947391,4814.794462573141,4813.671658207185,4809.2223339137345,4805.847100991649,4796.974562226476,51.0,960733974.8367562,4.101571778710894
2755.0493827160494,2301.930166488225,3590.1503579366413,8551.0,2755.0493827160494,-937.0,-0.2641566390547654,0.7261450265372332,1044023547.0,-588.320987654321,2159.028198325454,2237.7498398344287,3334.0,-588.320987654321,-4560.0,-1.0161465934375598,0.01734388420456511,405609472.0,-800.0,1660.0012717531943,1842.7165333339315,3013.0,-800.0,-4941.0,0.39165772894662343,0.19954699228333048,275043942.0,-413.08641975308643,4342.50406852132,4362.107515331167,11014.0,-413.08641975308643,-5707.0,0.20521327878712237,0.9522106099397872,1541266540.0,1253.3703703703704,3874.7820183832646,4072.4529432896634,12968.0,1253.3703703703704,-2976.0,0.8272866948046427,1.3397805193408592,1343374711.0,274.962962962963,3376.042516423976,3387.2212363091526,4230.0,274.962962962963,-6591.0,-1.1509377933688265,-0.407819650537213,929334684.0,8966.508462049205,4103.474466664146,1263.6467069557061,16034.723446321112,5842.443676594798,704.3621227749261,3072.563018447408,3070.138927274663,3069.548778821776,3062.3424738727567,3061.043618503957,48.0,420986894.93829685,4.216302395980127,3883.6888474245507,3881.3270162541667,3879.0540376247563,3871.990206484228,3867.4135070147154,54.0,603948865.9777324,4.105857866029338
3615.135802469136,2524.888212917659,4409.56543868267,8831.0,3615.135802469136,1011.0,-1.0548382487451915,0.6480460953573253,1574985656.0,-1780.9506172839506,2433.155015796298,3015.2990618011286,1876.0,-1780.9506172839506,-7731.0,-0.2233898465981472,-0.7673476769540125,736454303.0,-1533.0,1277.8504133944418,1995.7431395378378,675.0,-1533.0,-7705.0,4.723723127537139,-1.2422958138572626,322622245.0,-550.0123456790124,3356.2932540609427,3401.0613031308803,9258.0,-550.0123456790124,-4338.0,0.7438494250308993,1.2406590390967418,936944657.0,1321.1975308641975,2879.3032654298318,3167.9567878802486,10604.0,1321.1975308641975,-2487.0,1.7574729881734523,1.4220398876198552,812911967.0,-552.2222222222222,4249.842088569619,4285.569642473895,6335.0,-552.2222222222222,-8461.0,-1.2803430845249868,0.03259393806166918,1487654680.0,11710.217461687038,5009.158172083384,1160.5253120893142,14696.970470134313,5615.815556192328,203.71057900855322,4461.535461045927,4458.429775929665,4458.155678973667,4448.82885820732,4448.311118622311,51.0,782630253.670571,4.007048949964961,5023.836826026937,5020.810305263679,5019.6308841181,5010.551219620922,5008.205193432663,57.0,943622479.6351887,3.969546851493126
3204.1375,2507.1542869543846,4068.454219663778,10287.0,3204.1375,-704.0,0.690233624692338,1.1381405159137432,1324185579.0,-980.725,2550.0784055348176,2732.1642337165604,3777.0,-980.725,-5620.0,-0.9970737366579021,-0.035598281033124984,597177712.0,-942.3875,1835.3748424623645,2063.17595286975,3312.0,-942.3875,-4137.0,-0.1793627588910529,0.5657979632685333,340535601.0,-661.5125,4097.470066985695,4150.525236340577,9125.0,-661.5125,-5982.0,-0.08297993914031476,0.9070588208287966,1378148779.0,1620.75,3478.4843412756654,3837.5361724679547,12072.0,1620.75,-2322.0,1.877946298804364,1.6200984200801216,1178134710.0,-170.25,4029.68968873535,4033.2845238093482,5734.0,-170.25,-8008.0,-1.0357977149353181,-0.40401807682214813,1301390724.0,10805.36413083798,4795.237588546495,1745.3968030221668,16028.07954809309,5978.778472953787,581.3209096531795,3430.6437513689266,3427.2072069229866,3426.5991420252108,3416.2557206969045,3415.1198607056376,51.0,435543831.97505677,4.042039570729063,3902.5523749271474,3782.4505750322505,3657.4788451265927,3527.8825245814132,3393.9195720653206,0.0,426552868.39222354,4.086503641115186
3471.382716049383,2742.86018406533,4424.226480484163,9794.0,3471.382716049383,661.0,-0.7804143099172678,0.872068895691833,1585476176.0,-1265.469135802469,2297.8344506573244,2623.252808308093,1980.0,-1265.469135802469,-8569.0,2.2550611163267806,-1.42260041468161,557397879.0,-1201.888888888889,1169.8386825583589,1677.2177689389189,1089.0,-1201.888888888889,-3366.0,-1.1043650808845031,-0.10811292651989994,227857815.0,-1437.5925925925926,2573.998099598221,2948.2433208628395,7916.0,-1437.5925925925926,-4018.0,1.983783814170165,1.408215551501647,704063233.0,695.8641975308642,2827.4609198294197,2911.831422759206,10217.0,695.8641975308642,-2857.0,1.9235987247954025,1.3968902735109232,686779741.0,487.7654320987654,3878.1814220725623,3908.7346110038297,5495.0,487.7654320987654,-6682.0,-1.5936542405723306,-0.1305218294791659,1237534707.0,12419.557922889204,4621.968467844984,1476.8920068847283,13722.032684700907,5251.164013486678,976.0512281637681,6418.266530841937,6415.476768306838,6411.647298784759,6403.218154981823,6395.6945114979335,52.0,1605253327.2802458,3.9954430935102883,7081.03735225222,7079.441842277414,7073.06088913523,7068.230700437638,7055.573251850944,55.0,1936165037.3950865,3.966992189895481
3179.5925925925926,2472.733903491436,4027.9302392600694,9806.0,3179.5925925925926,-833.0,0.4502468627414342,0.851740799579926,1314161983.0,-573.4444444444445,2193.585699766987,2267.301645808607,2437.0,-573.4444444444445,-5806.0,-0.5971780145542489,-0.5463385303763965,416393197.0,-1059.6666666666667,1946.8384817632084,2216.545401862664,2278.0,-1059.6666666666667,-7442.0,2.3644730389847703,-1.3961508309606272,397958955.0,-416.24691358024694,4060.044324184445,4081.3259374138947,9647.0,-416.24691358024694,-4917.0,0.19163610201194814,1.1038813816940292,1349234934.0,1681.037037037037,4368.737460483092,4680.999094052307,15764.0,1681.037037037037,-4157.0,2.965716714438427,1.881918049206222,1774851954.0,-21.320987654320987,3373.6813787189617,3373.748750222759,5505.0,-21.320987654320987,-6884.0,-1.0042783658092165,-0.27611754276707967,921956631.0,10274.420713597434,4574.754770182923,1260.9048338395726,19205.14485756356,5729.544988270189,844.3210289931194,7665.922556135322,7663.806267158982,7655.685994823635,7649.2554293999265,7633.198244801498,56.0,2197982525.264372,4.007419091760021,6435.555424731688,6434.947103508896,6423.849600340489,6421.907122498114,6399.969368412552,56.0,1657311508.2525811,4.115897640878733
3655.85,2356.4258958218907,4349.480684518556,8949.0,3655.85,706.0,-0.9017629290456788,0.6807852521330295,1513438578.0,-1645.5625,2215.858472712946,2760.055200987835,1794.0,-1645.5625,-6762.0,-0.28052754433268845,-0.6698763195091882,609432377.0,-1159.375,974.601667028638,1514.59525946703,723.0,-1159.375,-3268.0,-0.5488276754690498,-0.31634184480329447,183519904.0,-365.4875,3228.027485918258,3248.652422543846,7136.0,-365.4875,-4208.0,-0.5253815130154864,0.6726702915566735,844299405.0,1341.3125,2448.169079096407,2791.532027847791,9202.0,1341.3125,-2810.0,1.1575261838395088,0.9962428422543954,623412085.0,-867.2625,3586.5694324233777,3689.9355736245584,4892.0,-867.2625,-6746.0,-1.3223168386115345,0.278802789020761,1089249963.0,10952.7450897024,4747.703224228675,1210.409434860783,12320.93324387402,5152.242555478035,512.5836517096502,9871.000284243873,9870.50222970003,9854.27606421588,9852.592655009812,9820.544171400148,58.0,3475280118.7116313,3.965453509736352,10975.536530494595,10975.431333111752,10957.56310056513,10957.019277168794,10921.76505553601,57.0,4298272330.528731,3.9304408558334605
2752.185185185185,1933.890839866941,3363.696935527051,8214.0,2752.185185185185,519.0,0.5089180062805956,1.1917903129431613,916471023.0,68.79012345679013,2223.443823763784,2224.507702508247,4078.0,68.79012345679013,-5575.0,-0.3714212038811855,-0.47339326394103387,400823196.0,-740.2098765432099,1641.2980989993855,1800.4916303918524,3071.0,-740.2098765432099,-4270.0,0.14809219539207108,0.2533064416680455,262583379.0,-631.1604938271605,3638.7390247572184,3693.072604114257,9001.0,-631.1604938271605,-5029.0,0.24571024178864853,1.0614041131894862,1104741606.0,1509.567901234568,3359.8084084789293,3683.3555068881765,10192.0,1509.567901234568,-2197.0,0.5761362618090131,1.2936775413833577,1098935731.0,188.80246913580248,4135.812856703374,4140.120089807141,5757.0,188.80246913580248,-8098.0,-0.8764137846774376,-0.5087771831816505,1388388143.0,8907.947462799722,3981.5350060509086,1452.5236659001464,15098.398954856108,5830.216409437291,1270.975609522071,19246.256176208062,19240.278302424085,19222.751137679847,19205.32025852656,19169.293132563143,64.0,12207459490.96024,3.872127137893028,20106.398812244835,20100.104512130234,20080.362053551824,20062.072694803333,20021.433010091794,63.0,13441984708.381601,3.8755718801076706
3150.5925925925926,2670.2678359109755,4129.959321833569,11033.0,3150.5925925925926,495.0,1.2497540707488017,1.4936389048054095,1381581684.0,-1693.8148148148148,2497.3244552605192,3017.554980729994,1628.0,-1693.8148148148148,-7749.0,-0.023993806849967214,-0.9033850390181555,737556683.0,-1081.432098765432,1013.7243024801196,1482.2726961254505,3370.0,-1081.432098765432,-3415.0,3.300301842695399,0.5906372179605501,177967720.0,-416.38271604938274,3605.213322459852,3629.1786490425993,9641.0,-416.38271604938274,-4608.0,0.264459846688331,1.0901923676377587,1066845951.0,1025.5432098765432,3021.2713171096857,3190.582900805679,9955.0,1025.5432098765432,-3345.0,0.7626045951715184,1.0037253267844084,824565359.0,148.55555555555554,4420.024099146637,4422.519846210241,6076.0,148.55555555555554,-8953.0,-1.209745850783027,-0.44289379526609374,1584253225.0,13015.181481639047,4339.584710155197,1304.802667072688,15423.984763996625,5907.05593998022,1479.0730205098057,65601.69337878106,64617.5195313981,63602.030357060416,62556.230512259004,61481.15305418633,74.0,81785959013.41069,3.646171807256573,75251.09269938614,74153.08083199838,73020.01510088023,71853.00200302656,70653.17902673072,74.0,108549179173.57968,3.626220012150168
